a   b   c   d   e   f   g   h   i   j   k   m   n   o   p   q   r   s   u   v   w   x   y   z 1 2   3   4   5   6   7   8   9   0   1   2   3   4
1.0 0   0.0 0000000 0000000000 0000000000000000000000000000000000000000000000 0 0 0 0 0 0 0 0 0 0 0 0 00000000000 0 000 0 0 0 0 0 0 0 0 0 0 0 0 000000000000 0 0 0 0
0.0 0   0.0 0000000 0000000000 0000000000000000000000000000000000000000000000 0 0 0 0 0 0 0 0 0 0 0 0 00000000000 0 000 0 0 0 0 0 0 0 0 0 0 0 0 000000000000 0 0 0 0 18
1.0 0   0.0 0000000 0000000000 0000000000000000000000000000000000000000000000 0 0 0 0 0 0 0 0 0 0 0 0 00000000000 0 000 0 0 0 0 0 0 0 0 0 0 0 0 000000000000 0 0 0 0
4.0 0   0.0 0000000 0000000000 0000000000000000000000000000000000000000000000 0 0 0 0 0 0 0 0 0 0 0 0 00000000000 0 000 0 0 0 0 0 0 0 0 0 0 0 0 000000000000 0 0 0 0
0.0 0   0.0 0000000 0000000000 0000000000000000000000000000000000000000000000 0 0 0 0 0 0 0 0 0 0 0 0 00000000000 0 000 0 0 0 0 0 0 0 0 0 0 0 0 000000000000 0 0 0 1 25
0.0 0   0.0 0000000 0000000000 0000000000000000000000000000000000000000000000 0 0 0 0 0 0 0 0 0 0 0 0 00000000000 0 000 0 0 0 0 0 0 0 0 0 0 0 0 000000000000 0 0 0 0
7.0 0   0.0 0000000 0000000000 0000000000000000000000000000000000000000000000 0 0 0 0 0 0 0 0 0 0 0 0 00000000000 0 000 0 0 0 0 0 0 0 0 0 0 0 0 000000000000 0 0 0 0
3.0 0   0.0 0000000 0000000000 0000000000000000000000000000000000000000000000 0 0 0 0 0 0 0 0 0 0 0 0 00000000000 0 000 0 0 0 0 0 0 0 0 0 0 0 0 000000000000 0 0 0 0
5.0 0   0.0 0000000 0000000000 0000000000000000000000000000000000000000000000 0 0 0 0 0 0 0 0 0 0 0 0 00000000000 0 000 0 0 0 0 0 0 0 0 0 0 0 0 000000000000 0 0 0 0
3.0 0   0.0 0000000 0000000000 0000000000000000000000000000000000000000000000 0 0 0 0 0 0 0 0 0 0 0 0 00000000000 0 000 0 0 0 0 0 0 0 0 0 0 0 0 000000000000 0 560136136
8.0 0   0.0 0000000 0000000000 0000000000000000000000000000000000000000000000 0 0 0 0 0 0 0 0 0 0 0 0 00000000000 0 000 0 0 0 0 0 0 0 0 0 0 0 0 000000000000 0 0 0 0
9.0 0   0.0 0000000 0000000000 0000000000000000000000000000000000000000000000 0 0 0 0 0 0 0 0 0 0 0 0 00000000000 0 000 0 0 0 0 0 0 0 0 0 0 0 0 000000000000 0 0 0 0
1.0 0   0.0 0000000 0000000000 0000000000000000000000000000000000000000000000 0 0 0 0 0 0 0 0 0 0 0 0 00000000000 0 000 0 0 0 0 0 0 0 0 0 0 0 0 000000000000 0 0 0 0
3.0 0   0.0 0000000 0000000000 0000000000000000000000000000000000000000000000 0 0 0 0 0 0 0 0 0 0 0 0 00000000000 0 000 0 0 0 0 0 0 0 0 0 0 0 0 000000000000 0 0 0 0
3.0 0   0.0 0000000 0000000000 0000000000000000000000000000000000000000000000 0 0 0 0 0 0 0 0 0 0 0 0 00000000000 0 000 0 0 0 0 0 0 0 0 0 0 0 0 000000000000 0 0 0 0101
1.0 0   0.0 0000000 0000000000 0000000000000000000000000000000000000000000000 0 0 0 0 0 0 0 0 0 0 0 0 00000000000 0 000 0 0 0 0 0 0 0 0 0 0 0 0 000000000000 0 0 0 0
2.0 0   0.0 0000000 0000000000 0000000000000000000000000000000000000000000000 0 0 0 0 0 0 0 0 0 0 0 0 00000000000 0 000 0 0 0 0 0 0 0 0 0 0 0 0 000000000000 0 0 0 0
0.0 0   0.0 0000000 0000000000 0000000000000000000000000000000000000000000000 0 0 0 0 0 0 0 0 0 0 0 0 00000000000 0 000 0 0 0 0 0 0 0 0 0 0 0 0 000000000000 0 0 0 0
7.0 0   0.0 0000000 0000000000 0000000000000000000000000000000000000000000000 0 0 0 0 0 0 0 0 0 0 0 0 00000000000 0 000 0 0 0 0 0 0 0 0 0 0 0 0 000000000000 0 0 0 0
5.0 0   0.0 0000000 0000000000 0000000000000000000000000000000000000000000000 0 0 0 0 0 0 0 0 0 0 0 0 00000000000 0 000 0 0 0 0 0 0 0 0 0 0 0 0 000000000000 0 0 0 4 29
8.0 0   0.0 0000000 0000000000 0000000000000000000000000000000000000000000000 0 0 0 0 0 0 0 0 0 0 0 0 00000000000 0 000 0 0 0 0 0 0 0 0 0 0 0 0 000000000000 0 0 0 0
6.0 0   0.0 0000000 0000000000 0000000000000000000000000000000000000000000000 0 0 0 0 0 0 0 0 0 2892081350000000000 0 000 0 0 0 0 0 0 0 0 0 5 7025420380000000000 0 0 0 0
2.0 0   0.0 0000000 0000000000 0000000000000000000000000000000000000000000000 0 0 0 0 0 0 0 0 0 0 0 0 00000000000 0 000 0 0 0 0 0 0 0 0 0 0 0 0 000000000000 0 0 0 0
0.0 0   0.0 0000000 0000000000 0000000000000000000000000000000000000000000000 0 0 0 0 0 0 0 0 0 0 0 0 00000000000 0 000 0 0 0 0 0 0 0 0 0 0 0 0 000000000000 0 0 0 0
2.0 0   0.0 0000000 0000000000 0000000000000000000000000000000000000000000000 0 0 0 0 0 0 0 0 0 0 0 0 00000000000 0 000 0 0 0 0 0 0 0 0 0 0 0 0 000000000000 0 0 0 0
3.0 0   0.0 0000000 0000000000 0000000000000000000000000000000000000000000000 0 0 0 0 0 0 0 0 0 0 0 0 00000000000 0 000 0 0 0 0 0 0 0 0 0 0 0 0 000000000000 0 0 0 0
6.0 0   0.0 0000000 0000000000 0000000000000000000000000000000000000000000000 0 29220251 19 0 0 0 0 0 0 0 00000000000 0 000 0 0121254254136 0 0 0 0 0 0 000000000000 0 0 0 0
9.0 0   0.0 0000000 0000000000 0000000000000000000000000000000000000000000000 0 0 0 0 0 0 0 0 0 0 0 0 00000000000 0 000 0 0 0 0 0 0 0 0 0 0 0 0 000000000000 0 0 0 0
9.0 0   0.0 0000000 0000000000 0000000000000000000000000000000000000000000000 0 0 0 0 0 0 0 0 0 0 0 0 00000000000 0 000 0 0 0 0 0 0 0 0 0 0 0 0 000000000000 0 0 0 0
7.0 0   0.0 0000000 0000000000 0000000000000000000000000000000000000000000000 0 0 0 0 0 0 0 0 0 0 0 0 00000000000 0 000 0 0 0 0 0 0 0 0 0 0 0 0 000000000000 0 0 0 0
8.0 0   0.0 0000000 0000000000 0000000000000000000000000000000000000000000000 0 0 0 0 0 0 0 0 0 0 0 0 00000000000 0 000 0 0 0 0 0 0 0 0 0 0 0 0 000000000000 0 0 0 0
9.0 0   0.0 0000000 0000000000 0000000000000000000000000000000000000000000000 0 0 0 0 0 0 0 0 0 0 0 0 00000000000 0 000 0 0 0 0 0 0 0 0 0 0 0 0 000000000000 0 0 0 0
4.0 0   0.0 0000000 0000000000 0000000000000000000000000000000000000000000000 0 0 0 0 0 0 0 0 0 0 0 0 00000000000 0 000 0 0 0 0 0 0 0 0 0 0 0 0 000000000000 0 0 0 0
9.0 0   0.0 0000000 0000000000 0000000000000000000000000000000000000000000000 0 0 0 0 0 0 0 0 0 0 0 0 00000000000 0 000 0 0 0 0 0 0 0 0 0 0 0 0 000000000000 0 0 0 0
2.0 0   0.0 0000000 0000000000 0000000000000000000000000000000000000000000000 0 0 0 0 0 0 0 0 0 0 0 0 00000000000 0 000 0 0 0 0 0 0 0 0 0 0 0 0 000000000000 0 0 0 0
1.0 0   0.0 0000000 0000000000 0000000000000000000000000000000000000000000000 0 0 0 0 0 0 0 0 0 0 0 0 00000000000 0 000 0 0 0 0 0 0 0 0 0 0 0 0 000000000000 0 0 0 0
3.0 0   0.0 0000000 0000000000 0000000000000000000000000000000000000000000000 0 0 0 0 0 0 0 0 0 0 0 0 00000000000 0 000 0 0 0 0 0 0 0 0 0 0 0 0 000000000000 0 0 0 0
1.0 0   0.0 0000000 0000000000 0000000000000000000000000000000000000000000000 0 0 0 0 0 0 0 0 0 0 0 0 00000000000 0 000 0 0 0 0 0 0 0 0 0 0 0 0 000000000000 0 0 0 0
1.0 0   0.0 0000000 0000000000 0000000000000000000000000000000000000000000000 0 0 0 0 0 0 0 0 0 0 0 0 00000000000 0 000 0 0 0 0 0 0 0 0 0 0 0 0 000000000000 0 0 0 0
4.0 0   0.0 0000000 0000000000 0000000000000000000000000000000000000000000000 0 0 0 0 0 0 0 0 0 0 0 0 00000000000 0 000 0 0 0 0 0 0 0 0 0 0 0 0 000000000000 0 0 0 0
9.0 0   0.0 0000000 0000000000 0000000000000000000000000000000000000000000000 0 0 0 0 0 0 0 0 0 0 0 0 00000000000 0 000 0 0 0 0 0 0 0 0 0 0 0 0 000000000000 0 0 0 0
1.0 0   0.0 0000000 0000000000 0000000000000000000000000000000000000000000000 0 0 0 0 0 0 0 0 0 0 0 0 00000000000 0 000 0 0 0 0 0 0 0 0 0 0 0 0 000000000000 0 0 0 0
4.0 0   0.0 0000000 0000000000 0000000000000000000000000000000000000000000000 0 0 0 0 0 0 0 0 0 0 0 0 00000000000 0 000 0 0 0 0 0 0 0 0 0 0 0 0 000000000000 0 0 0 0
4.0 0   0.0 0000000 0000000000 0000000000000000000000000000000000000000000000 0 0 0 0 0 0 0 0 0 0 0 0 00000000000 0 000 0 0 0 0 0 0 0 0 0 0 0 0 000000000000 0 0 0 0
2.0 0   0.0 0000000 0000000000 0000000000000000000000000000000000000000000000 0 0 0 0 0 0 0 0 0 0 0 0 00000000000 0 000 0 0 0 0 0 0 0 0 0 0 0 0 000000000000 0 0 0 0
6.0 0   0.0 0000000 0000000000 0000000000000000000000000000000000000000000000 0 0 0 0 0 01111222822812 0 00000000000 0 000 0 0 0 0 0 0 51193253253192 8 000000000000 0 0 0 0
3.0 0   0.0 0000000 0000000000 0000000000000000000000000000000000000000000000 0 0 0 0 0 0 0 0 0 0 0 0 00000000000 0 000 0 0 0 0 0 0 0 0 0 0 0 0 000000000000 0 0 0 0
7.0 0   0.0 0000000 0000000000 0000000000000000000000000000000000000000000000 0 0 0 0 0 0 0 0 0 0 0 0 00000000000 0 000 0 0 0 0 0 0 0 0 0 0 0 0 000000000000 0 0 0 0
7.0 0   0.0 0000000 0000000000 0000000000000000000000000000000000000000000000 0 0 0 0 0 0 0 0 0 0 0 0 00000000000 0 000 0 0 0 0 0 0 0 0 0 0 0 0 000000000000 0 0 0 0
4.0 0   0.0 0000000 0000000000 0000000000000000000000000000000000000000000000 0 0 0 0 0 0 0 0 0 0 0 0 00000000000 0 000 0 0 0 0 0 0 0 0 0 0 0 0 000000000000 0 0 0 0
7.0 0   0.0 0000000 0000000000 0000000000000000000000000000000000000000000000 0 0 0 0 0 0 0 0 0 0 0 0 00000000000 0 000 0 0 0 0 0 0 0 0 0 0 0 0 000000000000 0 0 0 0
5.0 0   0.0 0000000 0000000000 0000000000000000000000000000000000000000000000 0 0 0 0 0 0 0 0 0 0 0 0 00000000000 0 000 0 0 0 0 0 0 0 0 0 0 0 0 000000000000 0 0 0 4105
1.0 0   0.0 0000000 0000000000 0000000000000000000000000000000000000000000000 0 0 0 0 0 0 0 0 0 0 0 0 00000000000 0 000 0 0 0 0 0 0 0 0 0 0 0 0 000000000000 0 0 0 0
9.0 0   0.0 0000000 0000000000 0000000000000000000000000000000000000000000000 0 0 0 0 0 0 0 0 0 0 0 0 00000000000 0 000 0 0 0 0 0 0 0 0 0 0 0 0 000000000000 0 0 0 0
0.0 0   0.0 0000000 0000000000 0000000000000000000000000000000000000000000000 0 0 0 0 0 0 0 0 0 0 0 0 00000000000 0 000 0 0 0 0 0 0 0 0 0 0 0 0 000000000000 0 0 0 0
2.0 0   0.0 0000000 0000000000 0000000000000000000000000000000000000000000000 0 0 0 0 0 0 0 0 0 0 0 0 00000000000 0 000 0 0 0 0 0 0 0 0 0 0 0 0 000000000000 0 0 0 0
2.0 0   0.0 0000000 0000000000 0000000000000000000000000000000000000000000000 0 0 0 0 0 0 0 0 0 0 0 0 00000000000 0 000 0 0 0 0 0 0 0 0 0 0 0 0 000000000000 0 0 0 0
3.0 0   0.0 0000000 0000000000 0000000000000000000000000000000000000000000000 0 0 0 0 0 0 0 0 0 0 0 0 00000000000 0 000 0 0 0 0 0 0 0 0 0 0 0 0 000000000000 0 0 0 0
9.0 0   0.0 0000000 0000000000 0000000000000000000000000000000000000000000000 0 0 0 0 0 0 0 0 0 0 0 0 00000000000 0 000 0 0 0 0 0 0 0 0 0 0 0 0 000000000000 0 0 0 0
1.0 0   0.0 0000000 0000000000 0000000000000000000000000000000000000000000000 0 0 0 0 0 0 0 0 0 0 0 0 00000000000 0 000 0 0 0 0 0 0 0 0 0 0 0 0 000000000000 0 0 0 0
1.0 0   0.0 0000000 0000000000 0000000000000000000000000000000000000000000000191191 0 0 0 0 0 0 0 0 0 0 00000000000 0 000 0255255191 0 0 0 0 0 0 0 0 000000000000 0 0 0 0
1.0 0   0.0 0000000 0000000000 0000000000000000000000000000000000000000000000 0 0 0 0 0 0 0 0 0 0 0 0 00000000000 0 000 0 0 0 0 0 0 0 0 0 0 0 0 000000000000 0 0 0 0
5.0 0   0.0 0000000 0000000000 0000000000000000000000000000000000000000000000 0 0 0 0 0 0 0 0 0 0 0 0 00000000000 0 000 0 0 0 0 0 0 0 0 0 0 0 0 000000000000 0 0 0 0
0.0 0   0.0 0000000 0000000000 0000000000000000000000000000000000000000000000 0 0 0 0 0 0 0 0 0 0 0 0 00000000000 0 000 0 0 0 0 0 0 0 0 0 0 0 0 000000000000 0 0 0 0
6.0 0   0.0 0000000 0000000000 0000000000000000000000000000000000000000000000 0 0 0 0191128 0 0 0 0 0 0 00000000000 0 000 0 0 0 0 64255255191 0 0 0 0 000000000000 0 0 0 0
3.0 0   0.0 0000000 0000000000 0000000000000000000000000000000000000000000000 0 0 0 0 0 0 0 0 0 0 0 0 00000000000 0 000 0 0 0 0 0 0 0 0 0 0 0 0 000000000000 0 0 0 0 23
4.0 0   0.0 0000000 0000000000 0000000000000000000000000000000000000000000000 0 0 0 0 0 0 0 0 0 0 0 0 00000000000 0 000 0 0 0 0 0 0 0 0 0 0 0 0 000000000000 0 0 0 0
8.0 0   0.0 0000000 0000000000 0000000000000000000000000000000000000000000000 0 0 0 0 0 0 0 0 0 0 0 0 00000000000 0 000 0 0 0 0 0 0 0 0 0 0 0 0 000000000000 0 0 0 0
1.0 0   0.0 0000000 0000000000 0000000000000000000000000000000000000000000000 0 0 0 0 0 0 0 0 0 0 0 0 00000000000 0 000 0 0 0 0 0 0 0 0 0 0 0 0 000000000000 0 0 0 0
0.0 0   0.0 0000000 0000000000 0000000000000000000000000000000000000000000000 0 0 0 0 0 0 0 0 0 0 0 0 00000000000 0 000 0 0 0 0 0 0 0 0 0 0 0 0 000000000000 0 0 0 0
3.0 0   0.0 0000000 0000000000 0000000000000000000000000000000000000000000000 0 0 0 0 0 0 0 0 0 0 0 0 00000000000 0 000 0 0 0 0 0 0 0 0 0 0 0 0 000000000000 0 0 0 0
9.0 0   0.0 0000000 0000000000 0000000000000000000000000000000000000000000000 0 0 0 0 0 0 0 0 0 0 0 0 00000000000 0 000 0 0 0 0 0 0 0 0 0 0 0 0 000000000000 0 0 0 0
6.0 0   0.0 0000000 0000000000 0000000000000000000000000000000000000000000003 45222211 23 0 0 0 0 0 0 0 0 00000000000 0 00045252252252137 0 0 0 0 0 0 0 000000000000 0 0 0 0170
2.0 0   0.0 0000000 0000000000 0000000000000000000000000000000000000000000000 0 0 0 0 0 0 0 0 0 0 0 0 00000000000 0 00029 85 0 57141253255253 57 0 0 0 000000000000 0 0 0114197
6.0 0   0.0 0000000 0000000000 0000000000000000000000000000000000000000000000 0 0 0 0 0 0 0 0 0 0 0 0 00000000000 0 000 0 0 0 0 0 0 0 0 32229203 0 000000000000 0 0 0 0
4.0 0   0.0 0000000 0000000000 0000000000000000000000000000000000000000000000 0 0 0 0 0 0 0 0 0 0 0 0 00000000000 0 000 0 0 0 0 0 0 0 0 0 0 0 0 000000000000 0 0 0 0
7.0 0   0.0 0000000 0000000000 0000000000000000000000000000000000000000000000 0 0 0 0 0 0 0 0 0 0 0 0 00000000000 0 000 0 0 0 0 0 0 0 0 0 0 0 0 000000000000 0 0 0 0
1.0 0   0.0 0000000 0000000000 0000000000000000000000000000000000000000000000 0 0 0 0 0 0 0 0 0 0 0 0 00000000000 0 000 0 0 0 0 0 0 0 0 0 0 0 0 000000000000 0 0 0 0
4.0 0   0.0 0000000 0000000000 0000000000000000000000000000000000000000000000 0 0 0 0 0 0 0 0 0 0 0 0 00000000000 0 000 0 0 0 0 0 0 0 0 0 0 0 0 000000000000 0 0 0 0
1.0 0   0.0 0000000 0000000000 0000000000000000000000000000000000000000000000 0 0 0 0 0 0 0 0 0 0 0 0 00000000000 0 000 0 0 0 0 0 0 0 0 0 0 0 0 000000000000 0 0 0 0
5.0 0   0.0 0000000 0000000000 0000000000000000000000000000000000000000000000 0 0 0 0 0 0 0 0 0 0 0 0 00000000000 0 000 0 0 0 0 0 0 0 0 0 0 0 0 000000000000 0 0 0 0
4.0 0   0.0 0000000 0000000000 0000000000000000000000000000000000000000000000 0 0 0 0 0 0 0 0 0 0 0 0 00000000000 0 000 0 0 0 0 0 0 0 0 0 0 0 0 000000000000 0 0 0 0
8.0 0   0.0 0000000 0000000000 0000000000000000000000000000000000000000000000 0 0 0 0 0 0 0 0 0 0 0 0 00000000000 0 000 0 0 0 0 0 0 0 0 0 0 0 0 000000000000 0 0 0 0
9.0 0   0.0 0000000 0000000000 0000000000000000000000000000000000000000000000 0 0 0 0 0 0 0 0 0 0 0 0 00000000000 0 000 0 0 0 0 0 0 0 0 0 0 0 0 000000000000 0 0 0 0
2.0 0   0.0 0000000 0000000000 0000000000000000000000000000000000000000000000 0 0 0 0 0 0 0 0 0 0 0 0 00000000000 0 000 0 0 0 0 0 0 0 0 0 0 0 0 000000000000 0 0 0 0 37
9.0 0   0.0 0000000 0000000000 0000000000000000000000000000000000000000000000 0 0 0 0 0 0 0 0 0 0 0 0 00000000000 0 000 0 0 0 0 0 0 0 0 0 0 0 0 000000000000 0 0 0 0
9.0 0   0.0 0000000 0000000000 0000000000000000000000000000000000000000000000 0 0 0 0 0 0 0 0 0 0 0 0 00000000000 0 000 0 0 0 0 0 0 0 0 0 0 0 0 000000000000 0 0 0 0
8.0 0   0.0 0000000 0000000000 0000000000000000000000000000000000000000000000 0 0 0 0 0 0 0 0 0 0 0 0 00000000000 0 000 0 0 0 0 0 0 0 0 0 0 0 0 000000000000 0 0 0 0
9.0 0   0.0 0000000 0000000000 0000000000000000000000000000000000000000000000 0 0 0 0 0 0 0 0 0 0 0 0 00000000000 0 000 0 0 0 0 0 0 0 0 0 0 0 0 000000000000 0 0 0 0
6.0 0   0.0 0000000 0000000000 0000000000000000000000000000000000000000000000 0 0 0 0 0 0 0 0 0 0 0 0 0000000000021616200 0 0 0 0 0 0 0 0 0 0 0 0 000000000000246192 0 0
3.0 0   0.0 0000000 0000000000 0000000000000000000000000000000000000000000000 0 0 0 0 0 0 0 0 0 0 0 0 00000000000 0 000 0 0 0 0 0 0 0 0 0 0 0 0 000000000000 0 0 0 0
6.0 0   0.0 0000000 0000000000 0000000000000000000000000000000000000000000000 0 0 0 0 0 0 0 8016625321 0 00000000000 0 000 0 0 0 0 0 0 0128242253252 21 000000000000 0 0 0 0
4.0 0   0.0 0000000 0000000000 0000000000000000000000000000000000000000000000 0 0 0 0 0 0 0 0 0 0 0 0 00000000000 0 000 0 0 0 0 0 0 0 0 0 0 0 0 000000000000 0 0 0 0
6.0 0   0.0 0000000 0000000000 0000000000000000000000000000000000000000000000 0 0 0 0 0 0 0 0 0 0 0 0 00000000000 0 000 0 0 0 77254182 0 0 0 0 0 0 000000000000 0 0 0 0
2.0 0   0.0 0000000 0000000000 0000000000000000000000000000000000000000000000 0 0 0 0 0 0 0 0 0 0 0 0 00000000000 0 000 0 0 0 0 0 0 0 0 0 0 0 0 000000000000 0 0 0 0
9.0 0   0.0 0000000 0000000000 0000000000000000000000000000000000000000000000 0 0 0 0 0 0 0 0 0 0 0 0 00000000000 0 000 0 0 0 0 0 0 0 0 0 0 0 0 000000000000 0 0 0 0
1.0 0   0.0 0000000 0000000000 0000000000000000000000000000000000000000000000 0 0 0 0 0 0 0 0 0 0 0 0 00000000000 0 000 0 0 0 0 0 0 0 0 0 0 0 0 000000000000 0 0 0 0
2.0 0   0.0 0000000 0000000000 0000000000000000000000000000000000000000000000 0 0 0 0 0 0 0 0 0 0 0 0 00000000000 0 000 0 0 0 0 0 0 0 0 0 0 0 0 000000000000 0 013 92166
0.0 0   0.0 0000000 0000000000 0000000000000000000000000000000000000000000000 0 0 0 0 0 0 0 0 0 0 0 0 00000000000 0 000 0 0 0 0 0 0 0 0 0 0 0 0 000000000000 0 0 0 0
5.0 0   0.0 0000000 0000000000 0000000000000000000000000000000000000000000000 0 0 0 0 0 0 0 0 0 0 0 0 00000000000 0 000 0 0 0 0 0 0 0 0 0 0 0 0 000000000000 0 0 0 0 31
